2024-07-05 18:11:55.286728: I tensorflow/stream_executor/platform/default/dso_loader.cc:49] Successfully opened dynamic library libcudart.so.11.0
Current system paths: ['/home/cristian/Projects/Pillar_R-CNN/tools', '/home/cristian/Programs/anaconda3/envs/pillarnet_bazel/lib/python37.zip', '/home/cristian/Programs/anaconda3/envs/pillarnet_bazel/lib/python3.7', '/home/cristian/Programs/anaconda3/envs/pillarnet_bazel/lib/python3.7/lib-dynload', '/home/cristian/Programs/anaconda3/envs/pillarnet_bazel/lib/python3.7/site-packages', '/home/cristian/Projects/Pillar_R-CNN']
nuScenes devkit not Found!
The error: Skipping test as motmetrics was not found!
test  split  exist frame num: 199
  0%|          | 0/199 [00:00<?, ?it/s]array([[-9.85832614e-01,  1.64829053e-01, -3.10715421e-02,
         3.82727921e+03],
       [-1.65708042e-01, -9.85771166e-01,  2.82143994e-02,
         3.43614552e+03],
       [-2.59788775e-02,  3.29634795e-02,  9.99118865e-01,
        -6.23200000e+01],
       [ 0.00000000e+00,  0.00000000e+00,  0.00000000e+00,
         1.00000000e+00]])
{'anno_path': 'data/Waymo/test/annos/seq_0_frame_0.pkl',
 'path': 'data/Waymo/test/lidar/seq_0_frame_0.pkl',
 'pose': array([[-9.85832614e-01,  1.64829053e-01, -3.10715421e-02,
         3.82727921e+03],
       [-1.65708042e-01, -9.85771166e-01,  2.82143994e-02,
         3.43614552e+03],
       [-2.59788775e-02,  3.29634795e-02,  9.99118865e-01,
        -6.23200000e+01],
       [ 0.00000000e+00,  0.00000000e+00,  0.00000000e+00,
         1.00000000e+00]]),
 'sweeps': [],
 'timestamp': 1558407840.397346,
 'token': 'seq_0_frame_0.pkl'}
array([[-9.85832614e-01,  1.64832031e-01, -3.10557391e-02,
         3.82727913e+03],
       [-1.65708042e-01, -9.85773867e-01,  2.81198894e-02,
         3.43614562e+03],
       [-2.59788775e-02,  3.28676898e-02,  9.99122021e-01,
        -6.23200000e+01],
       [ 0.00000000e+00,  0.00000000e+00,  0.00000000e+00,
         1.00000000e+00]])
{'anno_path': 'data/Waymo/test/annos/seq_0_frame_1.pkl',
 'path': 'data/Waymo/test/lidar/seq_0_frame_1.pkl',
 'pose': array([[-9.85832614e-01,  1.64832031e-01, -3.10557391e-02,
         3.82727913e+03],
       [-1.65708042e-01, -9.85773867e-01,  2.81198894e-02,
         3.43614562e+03],
       [-2.59788775e-02,  3.28676898e-02,  9.99122021e-01,
        -6.23200000e+01],
       [ 0.00000000e+00,  0.00000000e+00,  0.00000000e+00,
         1.00000000e+00]]),
 'sweeps': [],
 'timestamp': 1558407840.497335,
 'token': 'seq_0_frame_1.pkl'}
array([[-9.85832614e-01,  1.64829053e-01, -3.10715421e-02,
         3.82727916e+03],
       [-1.65708042e-01, -9.85771166e-01,  2.82143994e-02,
         3.43614546e+03],
       [-2.59788775e-02,  3.29634795e-02,  9.99118865e-01,
        -6.23200000e+01],
       [ 0.00000000e+00,  0.00000000e+00,  0.00000000e+00,
         1.00000000e+00]])
{'anno_path': 'data/Waymo/test/annos/seq_0_frame_2.pkl',
 'path': 'data/Waymo/test/lidar/seq_0_frame_2.pkl',
 'pose': array([[-9.85832614e-01,  1.64829053e-01, -3.10715421e-02,
         3.82727916e+03],
       [-1.65708042e-01, -9.85771166e-01,  2.82143994e-02,
         3.43614546e+03],
       [-2.59788775e-02,  3.29634795e-02,  9.99118865e-01,
        -6.23200000e+01],
       [ 0.00000000e+00,  0.00000000e+00,  0.00000000e+00,
         1.00000000e+00]]),
 'sweeps': [],
 'timestamp': 1558407840.597326,
 'token': 'seq_0_frame_2.pkl'}
array([[-9.85848492e-01,  1.64731592e-01, -3.10846314e-02,
         3.82727923e+03],
       [-1.65613555e-01, -9.85784250e-01,  2.83118886e-02,
         3.43614528e+03],
       [-2.59788775e-02,  3.30592690e-02,  9.99115700e-01,
        -6.23200000e+01],
       [ 0.00000000e+00,  0.00000000e+00,  0.00000000e+00,
         1.00000000e+00]])
{'anno_path': 'data/Waymo/test/annos/seq_0_frame_3.pkl',
 'path': 'data/Waymo/test/lidar/seq_0_frame_3.pkl',
 'pose': array([[-9.85848492e-01,  1.64731592e-01, -3.10846314e-02,
         3.82727923e+03],
       [-1.65613555e-01, -9.85784250e-01,  2.83118886e-02,
         3.43614528e+03],
       [-2.59788775e-02,  3.30592690e-02,  9.99115700e-01,
        -6.23200000e+01],
       [ 0.00000000e+00,  0.00000000e+00,  0.00000000e+00,
         1.00000000e+00]]),
 'sweeps': [],
 'timestamp': 1558407840.697309,
 'token': 'seq_0_frame_3.pkl'}
array([[-9.85832614e-01,  1.64826073e-01, -3.10873448e-02,
         3.82727931e+03],
       [-1.65708042e-01, -9.85768457e-01,  2.83089092e-02,
         3.43614534e+03],
       [-2.59788775e-02,  3.30592690e-02,  9.99115700e-01,
        -6.23200000e+01],
       [ 0.00000000e+00,  0.00000000e+00,  0.00000000e+00,
         1.00000000e+00]])
{'anno_path': 'data/Waymo/test/annos/seq_0_frame_4.pkl',
 'path': 'data/Waymo/test/lidar/seq_0_frame_4.pkl',
 'pose': array([[-9.85832614e-01,  1.64826073e-01, -3.10873448e-02,
         3.82727931e+03],
       [-1.65708042e-01, -9.85768457e-01,  2.83089092e-02,
         3.43614534e+03],
       [-2.59788775e-02,  3.30592690e-02,  9.99115700e-01,
        -6.23200000e+01],
       [ 0.00000000e+00,  0.00000000e+00,  0.00000000e+00,
         1.00000000e+00]]),
 'sweeps': [],
 'timestamp': 1558407840.797323,
 'token': 'seq_0_frame_4.pkl'}
array([[-9.85830153e-01,  1.64825936e-01, -3.11660063e-02,
         3.82727932e+03],
       [-1.65707629e-01, -9.85771690e-01,  2.81985210e-02,
         3.43614548e+03],
       [-2.60747191e-02,  3.29633972e-02,  9.99116371e-01,
        -6.23200000e+01],
       [ 0.00000000e+00,  0.00000000e+00,  0.00000000e+00,
         1.00000000e+00]])
{'anno_path': 'data/Waymo/test/annos/seq_0_frame_5.pkl',
 'path': 'data/Waymo/test/lidar/seq_0_frame_5.pkl',
 'pose': array([[-9.85830153e-01,  1.64825936e-01, -3.11660063e-02,
         3.82727932e+03],
       [-1.65707629e-01, -9.85771690e-01,  2.81985210e-02,
         3.43614548e+03],
       [-2.60747191e-02,  3.29633972e-02,  9.99116371e-01,
        -6.23200000e+01],
       [ 0.00000000e+00,  0.00000000e+00,  0.00000000e+00,
         1.00000000e+00]]),
 'sweeps': [],
 'timestamp': 1558407840.89731,
 'token': 'seq_0_frame_5.pkl'}
array([[-9.85832614e-01,  1.64829053e-01, -3.10715421e-02,
         3.82727927e+03],
       [-1.65708042e-01, -9.85771166e-01,  2.82143994e-02,
         3.43614550e+03],
       [-2.59788775e-02,  3.29634795e-02,  9.99118865e-01,
        -6.23200000e+01],
       [ 0.00000000e+00,  0.00000000e+00,  0.00000000e+00,
         1.00000000e+00]])
{'anno_path': 'data/Waymo/test/annos/seq_0_frame_6.pkl',
 'path': 'data/Waymo/test/lidar/seq_0_frame_6.pkl',
 'pose': array([[-9.85832614e-01,  1.64829053e-01, -3.10715421e-02,
         3.82727927e+03],
       [-1.65708042e-01, -9.85771166e-01,  2.82143994e-02,
         3.43614550e+03],
       [-2.59788775e-02,  3.29634795e-02,  9.99118865e-01,
        -6.23200000e+01],
       [ 0.00000000e+00,  0.00000000e+00,  0.00000000e+00,
         1.00000000e+00]]),
 'sweeps': [],
 'timestamp': 1558407840.997328,
 'token': 'seq_0_frame_6.pkl'}
array([[-9.85830153e-01,  1.64822947e-01, -3.11818087e-02,
         3.82727934e+03],
       [-1.65707629e-01, -9.85768982e-01,  2.82930308e-02,
         3.43614531e+03],
       [-2.60747191e-02,  3.30591864e-02,  9.99113206e-01,
        -6.23200000e+01],
       [ 0.00000000e+00,  0.00000000e+00,  0.00000000e+00,
         1.00000000e+00]])
{'anno_path': 'data/Waymo/test/annos/seq_0_frame_7.pkl',
 'path': 'data/Waymo/test/lidar/seq_0_frame_7.pkl',
 'pose': array([[-9.85830153e-01,  1.64822947e-01, -3.11818087e-02,
         3.82727934e+03],
       [-1.65707629e-01, -9.85768982e-01,  2.82930308e-02,
         3.43614531e+03],
       [-2.60747191e-02,  3.30591864e-02,  9.99113206e-01,
        -6.23200000e+01],
       [ 0.00000000e+00,  0.00000000e+00,  0.00000000e+00,
         1.00000000e+00]]),
 'sweeps': [],
 'timestamp': 1558407841.097342,
 'token': 'seq_0_frame_7.pkl'}
array([[-9.85832614e-01,  1.64826073e-01, -3.10873448e-02,
         3.82727921e+03],
       [-1.65708042e-01, -9.85768457e-01,  2.83089092e-02,
         3.43614539e+03],
       [-2.59788775e-02,  3.30592690e-02,  9.99115700e-01,
        -6.23200000e+01],
       [ 0.00000000e+00,  0.00000000e+00,  0.00000000e+00,
         1.00000000e+00]])
{'anno_path': 'data/Waymo/test/annos/seq_0_frame_8.pkl',
 'path': 'data/Waymo/test/lidar/seq_0_frame_8.pkl',
 'pose': array([[-9.85832614e-01,  1.64826073e-01, -3.10873448e-02,
         3.82727921e+03],
       [-1.65708042e-01, -9.85768457e-01,  2.83089092e-02,
         3.43614539e+03],
       [-2.59788775e-02,  3.30592690e-02,  9.99115700e-01,
        -6.23200000e+01],
       [ 0.00000000e+00,  0.00000000e+00,  0.00000000e+00,
         1.00000000e+00]]),
 'sweeps': [],
 'timestamp': 1558407841.197366,
 'token': 'seq_0_frame_8.pkl'}
array([[-9.85832614e-01,  1.64829053e-01, -3.10715421e-02,
         3.82727920e+03],
       [-1.65708042e-01, -9.85771166e-01,  2.82143994e-02,
         3.43614548e+03],
       [-2.59788775e-02,  3.29634795e-02,  9.99118865e-01,
        -6.23200000e+01],
       [ 0.00000000e+00,  0.00000000e+00,  0.00000000e+00,
         1.00000000e+00]])
{'anno_path': 'data/Waymo/test/annos/seq_0_frame_9.pkl',
 'path': 'data/Waymo/test/lidar/seq_0_frame_9.pkl',
 'pose': array([[-9.85832614e-01,  1.64829053e-01, -3.10715421e-02,
         3.82727920e+03],
       [-1.65708042e-01, -9.85771166e-01,  2.82143994e-02,
         3.43614548e+03],
       [-2.59788775e-02,  3.29634795e-02,  9.99118865e-01,
        -6.23200000e+01],
       [ 0.00000000e+00,  0.00000000e+00,  0.00000000e+00,
         1.00000000e+00]]),
 'sweeps': [],
 'timestamp': 1558407841.297356,
 'token': 'seq_0_frame_9.pkl'}
array([[-9.85832614e-01,  1.64829053e-01, -3.10715421e-02,
         3.82727924e+03],
       [-1.65708042e-01, -9.85771166e-01,  2.82143994e-02,
         3.43614544e+03],
       [-2.59788775e-02,  3.29634795e-02,  9.99118865e-01,
        -6.23200000e+01],
       [ 0.00000000e+00,  0.00000000e+00,  0.00000000e+00,
         1.00000000e+00]])
{'anno_path': 'data/Waymo/test/annos/seq_0_frame_10.pkl',
 'path': 'data/Waymo/test/lidar/seq_0_frame_10.pkl',
 'pose': array([[-9.85832614e-01,  1.64829053e-01, -3.10715421e-02,
         3.82727924e+03],
       [-1.65708042e-01, -9.85771166e-01,  2.82143994e-02,
         3.43614544e+03],
       [-2.59788775e-02,  3.29634795e-02,  9.99118865e-01,
        -6.23200000e+01],
       [ 0.00000000e+00,  0.00000000e+00,  0.00000000e+00,
         1.00000000e+00]]),
 'sweeps': [],
 'timestamp': 1558407841.397341,
 'token': 'seq_0_frame_10.pkl'}
array([[-9.85832614e-01,  1.64829053e-01, -3.10715421e-02,
         3.82727923e+03],
       [-1.65708042e-01, -9.85771166e-01,  2.82143994e-02,
         3.43614547e+03],
       [-2.59788775e-02,  3.29634795e-02,  9.99118865e-01,
        -6.23200000e+01],
       [ 0.00000000e+00,  0.00000000e+00,  0.00000000e+00,
         1.00000000e+00]])
{'anno_path': 'data/Waymo/test/annos/seq_0_frame_11.pkl',
 'path': 'data/Waymo/test/lidar/seq_0_frame_11.pkl',
 'pose': array([[-9.85832614e-01,  1.64829053e-01, -3.10715421e-02,
         3.82727923e+03],
       [-1.65708042e-01, -9.85771166e-01,  2.82143994e-02,
         3.43614547e+03],
       [-2.59788775e-02,  3.29634795e-02,  9.99118865e-01,
        -6.23200000e+01],
       [ 0.00000000e+00,  0.00000000e+00,  0.00000000e+00,
         1.00000000e+00]]),
 'sweeps': [],
 'timestamp': 1558407841.4973629,
 'token': 'seq_0_frame_11.pkl'}
array([[-9.85835066e-01,  1.64829199e-01, -3.09928806e-02,
         3.82727908e+03],
       [-1.65708454e-01, -9.85767931e-01,  2.83247876e-02,
         3.43614538e+03],
       [-2.58830357e-02,  3.30593512e-02,  9.99118185e-01,
        -6.23200000e+01],
       [ 0.00000000e+00,  0.00000000e+00,  0.00000000e+00,
         1.00000000e+00]])
{'anno_path': 'data/Waymo/test/annos/seq_0_frame_12.pkl',
 'path': 'data/Waymo/test/lidar/seq_0_frame_12.pkl',
 'pose': array([[-9.85835066e-01,  1.64829199e-01, -3.09928806e-02,
         3.82727908e+03],
       [-1.65708454e-01, -9.85767931e-01,  2.83247876e-02,
         3.43614538e+03],
       [-2.58830357e-02,  3.30593512e-02,  9.99118185e-01,
        -6.23200000e+01],
       [ 0.00000000e+00,  0.00000000e+00,  0.00000000e+00,
         1.00000000e+00]]),
 'sweeps': [],
 'timestamp': 1558407841.597348,
 'token': 'seq_0_frame_12.pkl'}
array([[-9.85835066e-01,  1.64829199e-01, -3.09928806e-02,
         3.82727910e+03],
       [-1.65708454e-01, -9.85767931e-01,  2.83247876e-02,
         3.43614526e+03],
       [-2.58830357e-02,  3.30593512e-02,  9.99118185e-01,
        -6.23200000e+01],
       [ 0.00000000e+00,  0.00000000e+00,  0.00000000e+00,
         1.00000000e+00]])
{'anno_path': 'data/Waymo/test/annos/seq_0_frame_13.pkl',
 'path': 'data/Waymo/test/lidar/seq_0_frame_13.pkl',
 'pose': array([[-9.85835066e-01,  1.64829199e-01, -3.09928806e-02,
         3.82727910e+03],
       [-1.65708454e-01, -9.85767931e-01,  2.83247876e-02,
         3.43614526e+03],
       [-2.58830357e-02,  3.30593512e-02,  9.99118185e-01,
        -6.23200000e+01],
       [ 0.00000000e+00,  0.00000000e+00,  0.00000000e+00,
         1.00000000e+00]]),
 'sweeps': [],
 'timestamp': 1558407841.697326,
 'token': 'seq_0_frame_13.pkl'}
array([[-9.85835066e-01,  1.64829199e-01, -3.09928806e-02,
         3.82727907e+03],
       [-1.65708454e-01, -9.85767931e-01,  2.83247876e-02,
         3.43614524e+03],
       [-2.58830357e-02,  3.30593512e-02,  9.99118185e-01,
        -6.23200000e+01],
       [ 0.00000000e+00,  0.00000000e+00,  0.00000000e+00,
         1.00000000e+00]])
{'anno_path': 'data/Waymo/test/annos/seq_0_frame_14.pkl',
 'path': 'data/Waymo/test/lidar/seq_0_frame_14.pkl',
 'pose': array([[-9.85835066e-01,  1.64829199e-01, -3.09928806e-02,
         3.82727907e+03],
       [-1.65708454e-01, -9.85767931e-01,  2.83247876e-02,
         3.43614524e+03],
       [-2.58830357e-02,  3.30593512e-02,  9.99118185e-01,
        -6.23200000e+01],
       [ 0.00000000e+00,  0.00000000e+00,  0.00000000e+00,
         1.00000000e+00]]),
 'sweeps': [],
 'timestamp': 1558407841.797312,
 'token': 'seq_0_frame_14.pkl'}
array([[-9.85835066e-01,  1.64829199e-01, -3.09928806e-02,
         3.82727900e+03],
       [-1.65708454e-01, -9.85767931e-01,  2.83247876e-02,
         3.43614523e+03],
       [-2.58830357e-02,  3.30593512e-02,  9.99118185e-01,
        -6.23200000e+01],
       [ 0.00000000e+00,  0.00000000e+00,  0.00000000e+00,
         1.00000000e+00]])
{'anno_path': 'data/Waymo/test/annos/seq_0_frame_15.pkl',
 'path': 'data/Waymo/test/lidar/seq_0_frame_15.pkl',
 'pose': array([[-9.85835066e-01,  1.64829199e-01, -3.09928806e-02,
         3.82727900e+03],
       [-1.65708454e-01, -9.85767931e-01,  2.83247876e-02,
         3.43614523e+03],
       [-2.58830357e-02,  3.30593512e-02,  9.99118185e-01,
        -6.23200000e+01],
       [ 0.00000000e+00,  0.00000000e+00,  0.00000000e+00,
         1.00000000e+00]]),
 'sweeps': [],
 'timestamp': 1558407841.8973038,
 'token': 'seq_0_frame_15.pkl'}
array([[-9.85839942e-01,  1.64835450e-01, -3.08039514e-02,
         3.82727865e+03],
       [-1.65709274e-01, -9.85766881e-01,  2.83565446e-02,
         3.43614523e+03],
       [-2.56913513e-02,  3.30595147e-02,  9.99123127e-01,
        -6.23200000e+01],
       [ 0.00000000e+00,  0.00000000e+00,  0.00000000e+00,
         1.00000000e+00]])
{'anno_path': 'data/Waymo/test/annos/seq_0_frame_16.pkl',
 'path': 'data/Waymo/test/lidar/seq_0_frame_16.pkl',
 'pose': array([[-9.85839942e-01,  1.64835450e-01, -3.08039514e-02,
         3.82727865e+03],
       [-1.65709274e-01, -9.85766881e-01,  2.83565446e-02,
         3.43614523e+03],
       [-2.56913513e-02,  3.30595147e-02,  9.99123127e-01,
        -6.23200000e+01],
       [ 0.00000000e+00,  0.00000000e+00,  0.00000000e+00,
         1.00000000e+00]]),
 'sweeps': [],
 'timestamp': 1558407841.997328,
 'token': 'seq_0_frame_16.pkl'}
array([[-9.85860660e-01,  1.64747221e-01, -3.06123022e-02,
         3.82727776e+03],
       [-1.65615599e-01, -9.85781624e-01,  2.83912356e-02,
         3.43614412e+03],
       [-2.54996679e-02,  3.30596770e-02,  9.99128032e-01,
        -6.23210000e+01],
       [ 0.00000000e+00,  0.00000000e+00,  0.00000000e+00,
         1.00000000e+00]])
{'anno_path': 'data/Waymo/test/annos/seq_0_frame_17.pkl',
 'path': 'data/Waymo/test/lidar/seq_0_frame_17.pkl',
 'pose': array([[-9.85860660e-01,  1.64747221e-01, -3.06123022e-02,
         3.82727776e+03],
       [-1.65615599e-01, -9.85781624e-01,  2.83912356e-02,
         3.43614412e+03],
       [-2.54996679e-02,  3.30596770e-02,  9.99128032e-01,
        -6.23210000e+01],
       [ 0.00000000e+00,  0.00000000e+00,  0.00000000e+00,
         1.00000000e+00]]),
 'sweeps': [],
 'timestamp': 1558407842.097307,
 'token': 'seq_0_frame_17.pkl'}
array([[-9.85895527e-01,  1.64677745e-01, -2.98538291e-02,
         3.82727267e+03],
       [-1.65524299e-01, -9.85793212e-01,  2.85210544e-02,
         3.43614333e+03],
       [-2.47329191e-02,  3.30603141e-02,  9.99147286e-01,
        -6.23220000e+01],
       [ 0.00000000e+00,  0.00000000e+00,  0.00000000e+00,
         1.00000000e+00]])
{'anno_path': 'data/Waymo/test/annos/seq_0_frame_18.pkl',
 'path': 'data/Waymo/test/lidar/seq_0_frame_18.pkl',
 'pose': array([[-9.85895527e-01,  1.64677745e-01, -2.98538291e-02,
         3.82727267e+03],
       [-1.65524299e-01, -9.85793212e-01,  2.85210544e-02,
         3.43614333e+03],
       [-2.47329191e-02,  3.30603141e-02,  9.99147286e-01,
        -6.23220000e+01],
       [ 0.00000000e+00,  0.00000000e+00,  0.00000000e+00,
         1.00000000e+00]]),
 'sweeps': [],
 'timestamp': 1558407842.197327,
 'token': 'seq_0_frame_18.pkl'}
array([[-9.85893525e-01,  1.64793789e-01, -2.92739495e-02,
         3.82726617e+03],
       [-1.65621120e-01, -9.85777012e-01,  2.85189022e-02,
         3.43614245e+03],
       [-2.41578485e-02,  3.29649853e-02,  9.99164505e-01,
        -6.23230000e+01],
       [ 0.00000000e+00,  0.00000000e+00,  0.00000000e+00,
         1.00000000e+00]])
{'anno_path': 'data/Waymo/test/annos/seq_0_frame_19.pkl',
 'path': 'data/Waymo/test/lidar/seq_0_frame_19.pkl',
 'pose': array([[-9.85893525e-01,  1.64793789e-01, -2.92739495e-02,
         3.82726617e+03],
       [-1.65621120e-01, -9.85777012e-01,  2.85189022e-02,
         3.43614245e+03],
       [-2.41578485e-02,  3.29649853e-02,  9.99164505e-01,
        -6.23230000e+01],
       [ 0.00000000e+00,  0.00000000e+00,  0.00000000e+00,
         1.00000000e+00]]),
 'sweeps': [],
 'timestamp': 1558407842.2973058,
 'token': 'seq_0_frame_19.pkl'}
array([[-9.85898075e-01,  1.64802811e-01, -2.90692084e-02,
         3.82724826e+03],
       [-1.65621885e-01, -9.85778697e-01,  2.84561320e-02,
         3.43613988e+03],
       [-2.39661559e-02,  3.28693429e-02,  9.99172272e-01,
        -6.23240000e+01],
       [ 0.00000000e+00,  0.00000000e+00,  0.00000000e+00,
         1.00000000e+00]])
{'anno_path': 'data/Waymo/test/annos/seq_0_frame_20.pkl',
 'path': 'data/Waymo/test/lidar/seq_0_frame_20.pkl',
 'pose': array([[-9.85898075e-01,  1.64802811e-01, -2.90692084e-02,
         3.82724826e+03],
       [-1.65621885e-01, -9.85778697e-01,  2.84561320e-02,
         3.43613988e+03],
       [-2.39661559e-02,  3.28693429e-02,  9.99172272e-01,
        -6.23240000e+01],
       [ 0.00000000e+00,  0.00000000e+00,  0.00000000e+00,
         1.00000000e+00]]),
 'sweeps': [],
 'timestamp': 1558407842.397328,
 'token': 'seq_0_frame_20.pkl'}
array([[-9.85911674e-01,  1.64708016e-01, -2.91451622e-02,
         3.82722780e+03],
       [-1.65527010e-01, -9.85797732e-01,  2.83485445e-02,
         3.43613737e+03],
       [-2.40620023e-02,  3.27734725e-02,  9.99173118e-01,
        -6.23240000e+01],
       [ 0.00000000e+00,  0.00000000e+00,  0.00000000e+00,
         1.00000000e+00]])
{'anno_path': 'data/Waymo/test/annos/seq_0_frame_21.pkl',
 'path': 'data/Waymo/test/lidar/seq_0_frame_21.pkl',
 'pose': array([[-9.85911674e-01,  1.64708016e-01, -2.91451622e-02,
         3.82722780e+03],
       [-1.65527010e-01, -9.85797732e-01,  2.83485445e-02,
         3.43613737e+03],
       [-2.40620023e-02,  3.27734725e-02,  9.99173118e-01,
        -6.23240000e+01],
       [ 0.00000000e+00,  0.00000000e+00,  0.00000000e+00,
         1.00000000e+00]]),
 'sweeps': [],
 'timestamp': 1558407842.497313,
 'token': 'seq_0_frame_21.pkl'}
array([[-9.85916206e-01,  1.64714213e-01, -2.89562167e-02,
         3.82720244e+03],
       [-1.65527771e-01, -9.85796692e-01,  2.83802670e-02,
         3.43613266e+03],
       [-2.38703092e-02,  3.27736232e-02,  9.99177711e-01,
        -6.23250000e+01],
       [ 0.00000000e+00,  0.00000000e+00,  0.00000000e+00,
         1.00000000e+00]])
{'anno_path': 'data/Waymo/test/annos/seq_0_frame_22.pkl',
 'path': 'data/Waymo/test/lidar/seq_0_frame_22.pkl',
 'pose': array([[-9.85916206e-01,  1.64714213e-01, -2.89562167e-02,
         3.82720244e+03],
       [-1.65527771e-01, -9.85796692e-01,  2.83802670e-02,
         3.43613266e+03],
       [-2.38703092e-02,  3.27736232e-02,  9.99177711e-01,
        -6.23250000e+01],
       [ 0.00000000e+00,  0.00000000e+00,  0.00000000e+00,
         1.00000000e+00]]),
 'sweeps': [],
 'timestamp': 1558407842.5973039,
 'token': 'seq_0_frame_22.pkl'}
array([[-9.85916206e-01,  1.64716989e-01, -2.89404247e-02,
         3.82717071e+03],
       [-1.65527771e-01, -9.85799408e-01,  2.82857546e-02,
         3.43612699e+03],
       [-2.38703092e-02,  3.26778278e-02,  9.99180848e-01,
        -6.23250000e+01],
       [ 0.00000000e+00,  0.00000000e+00,  0.00000000e+00,
         1.00000000e+00]])
{'anno_path': 'data/Waymo/test/annos/seq_0_frame_23.pkl',
 'path': 'data/Waymo/test/lidar/seq_0_frame_23.pkl',
 'pose': array([[-9.85916206e-01,  1.64716989e-01, -2.89404247e-02,
         3.82717071e+03],
       [-1.65527771e-01, -9.85799408e-01,  2.82857546e-02,
         3.43612699e+03],
       [-2.38703092e-02,  3.26778278e-02,  9.99180848e-01,
        -6.23250000e+01],
       [ 0.00000000e+00,  0.00000000e+00,  0.00000000e+00,
         1.00000000e+00]]),
 'sweeps': [],
 'timestamp': 1558407842.697293,
 'token': 'seq_0_frame_23.pkl'}
array([[-9.85916206e-01,  1.64716989e-01, -2.89404247e-02,
         3.82713378e+03],
       [-1.65527771e-01, -9.85799408e-01,  2.82857546e-02,
         3.43612048e+03],
       [-2.38703092e-02,  3.26778278e-02,  9.99180848e-01,
        -6.23260000e+01],
       [ 0.00000000e+00,  0.00000000e+00,  0.00000000e+00,
         1.00000000e+00]])
{'anno_path': 'data/Waymo/test/annos/seq_0_frame_24.pkl',
 'path': 'data/Waymo/test/lidar/seq_0_frame_24.pkl',
 'pose': array([[-9.85916206e-01,  1.64716989e-01, -2.89404247e-02,
         3.82713378e+03],
       [-1.65527771e-01, -9.85799408e-01,  2.82857546e-02,
         3.43612048e+03],
       [-2.38703092e-02,  3.26778278e-02,  9.99180848e-01,
        -6.23260000e+01],
       [ 0.00000000e+00,  0.00000000e+00,  0.00000000e+00,
         1.00000000e+00]]),
 'sweeps': [],
 'timestamp': 1558407842.7973158,
 'token': 'seq_0_frame_24.pkl'}
array([[-9.85954648e-01,  1.64540035e-01, -2.86357972e-02,
         3.82708702e+03],
       [-1.65339908e-01, -9.85832122e-01,  2.82443158e-02,
         3.43611279e+03],
       [-2.35827680e-02,  3.25822545e-02,  9.99190797e-01,
        -6.23280000e+01],
       [ 0.00000000e+00,  0.00000000e+00,  0.00000000e+00,
         1.00000000e+00]])
{'anno_path': 'data/Waymo/test/annos/seq_0_frame_25.pkl',
 'path': 'data/Waymo/test/lidar/seq_0_frame_25.pkl',
 'pose': array([[-9.85954648e-01,  1.64540035e-01, -2.86357972e-02,
         3.82708702e+03],
       [-1.65339908e-01, -9.85832122e-01,  2.82443158e-02,
         3.43611279e+03],
       [-2.35827680e-02,  3.25822545e-02,  9.99190797e-01,
        -6.23280000e+01],
       [ 0.00000000e+00,  0.00000000e+00,  0.00000000e+00,
         1.00000000e+00]]),
 'sweeps': [],
 'timestamp': 1558407842.8973448,
 'token': 'seq_0_frame_25.pkl'}
array([[-9.85967864e-01,  1.64561210e-01, -2.80531552e-02,
         3.82702907e+03],
       [-1.65342124e-01, -9.85831735e-01,  2.82448646e-02,
         3.43610357e+03],
       [-2.30076815e-02,  3.24868971e-02,  9.99207310e-01,
        -6.23300000e+01],
       [ 0.00000000e+00,  0.00000000e+00,  0.00000000e+00,
         1.00000000e+00]])
{'anno_path': 'data/Waymo/test/annos/seq_0_frame_26.pkl',
 'path': 'data/Waymo/test/lidar/seq_0_frame_26.pkl',
 'pose': array([[-9.85967864e-01,  1.64561210e-01, -2.80531552e-02,
         3.82702907e+03],
       [-1.65342124e-01, -9.85831735e-01,  2.82448646e-02,
         3.43610357e+03],
       [-2.30076815e-02,  3.24868971e-02,  9.99207310e-01,
        -6.23300000e+01],
       [ 0.00000000e+00,  0.00000000e+00,  0.00000000e+00,
         1.00000000e+00]]),
 'sweeps': [],
 'timestamp': 1558407842.99737,
 'token': 'seq_0_frame_26.pkl'}
array([[-9.86007089e-01,  1.64505689e-01, -2.69796122e-02,
         3.82696025e+03],
       [-1.65251542e-01, -9.85847271e-01,  2.82327014e-02,
         3.43609221e+03],
       [-2.19533370e-02,  3.22960662e-02,  9.99237217e-01,
        -6.23330000e+01],
       [ 0.00000000e+00,  0.00000000e+00,  0.00000000e+00,
         1.00000000e+00]])
{'anno_path': 'data/Waymo/test/annos/seq_0_frame_27.pkl',
 'path': 'data/Waymo/test/lidar/seq_0_frame_27.pkl',
 'pose': array([[-9.86007089e-01,  1.64505689e-01, -2.69796122e-02,
         3.82696025e+03],
       [-1.65251542e-01, -9.85847271e-01,  2.82327014e-02,
         3.43609221e+03],
       [-2.19533370e-02,  3.22960662e-02,  9.99237217e-01,
        -6.23330000e+01],
       [ 0.00000000e+00,  0.00000000e+00,  0.00000000e+00,
         1.00000000e+00]]),
 'sweeps': [],
 'timestamp': 1558407843.097391,
 'token': 'seq_0_frame_27.pkl'}
array([[-9.86090500e-01,  1.64276955e-01, -2.52706815e-02,
         3.82688074e+03],
       [-1.64973797e-01, -9.85885374e-01,  2.85250103e-02,
         3.43607736e+03],
       [-2.02279934e-02,  3.22972419e-02,  9.99273594e-01,
        -6.23380000e+01],
       [ 0.00000000e+00,  0.00000000e+00,  0.00000000e+00,
         1.00000000e+00]])
{'anno_path': 'data/Waymo/test/annos/seq_0_frame_28.pkl',
 'path': 'data/Waymo/test/lidar/seq_0_frame_28.pkl',
 'pose': array([[-9.86090500e-01,  1.64276955e-01, -2.52706815e-02,
         3.82688074e+03],
       [-1.64973797e-01, -9.85885374e-01,  2.85250103e-02,
         3.43607736e+03],
       [-2.02279934e-02,  3.22972419e-02,  9.99273594e-01,
        -6.23380000e+01],
       [ 0.00000000e+00,  0.00000000e+00,  0.00000000e+00,
         1.00000000e+00]]),
 'sweeps': [],
 'timestamp': 1558407843.1974149,
 'token': 'seq_0_frame_28.pkl'}
array([[-9.86144407e-01,  1.64124619e-01, -2.41312716e-02,
         3.82678704e+03],
       [-1.64788498e-01, -9.85910721e-01,  2.87193398e-02,
         3.43606211e+03],
       [-1.90777287e-02,  3.22979723e-02,  9.99296193e-01,
        -6.23410000e+01],
       [ 0.00000000e+00,  0.00000000e+00,  0.00000000e+00,
         1.00000000e+00]])
{'anno_path': 'data/Waymo/test/annos/seq_0_frame_29.pkl',
 'path': 'data/Waymo/test/lidar/seq_0_frame_29.pkl',
 'pose': array([[-9.86144407e-01,  1.64124619e-01, -2.41312716e-02,
         3.82678704e+03],
       [-1.64788498e-01, -9.85910721e-01,  2.87193398e-02,
         3.43606211e+03],
       [-1.90777287e-02,  3.22979723e-02,  9.99296193e-01,
        -6.23410000e+01],
       [ 0.00000000e+00,  0.00000000e+00,  0.00000000e+00,
         1.00000000e+00]]),
 'sweeps': [],
 'timestamp': 1558407843.297402,
 'token': 'seq_0_frame_29.pkl'}
array([[-9.86142598e-01,  1.64116917e-01, -2.42572374e-02,
         3.82667815e+03],
       [-1.64788196e-01, -9.85905710e-01,  2.88925953e-02,
         3.43604439e+03],
       [-1.91735852e-02,  3.24895254e-02,  9.99288149e-01,
        -6.23430000e+01],
       [ 0.00000000e+00,  0.00000000e+00,  0.00000000e+00,
         1.00000000e+00]])
{'anno_path': 'data/Waymo/test/annos/seq_0_frame_30.pkl',
 'path': 'data/Waymo/test/lidar/seq_0_frame_30.pkl',
 'pose': array([[-9.86142598e-01,  1.64116917e-01, -2.42572374e-02,
         3.82667815e+03],
       [-1.64788196e-01, -9.85905710e-01,  2.88925953e-02,
         3.43604439e+03],
       [-1.91735852e-02,  3.24895254e-02,  9.99288149e-01,
        -6.23430000e+01],
       [ 0.00000000e+00,  0.00000000e+00,  0.00000000e+00,
         1.00000000e+00]]),
 'sweeps': [],
 'timestamp': 1558407843.397428,
 'token': 'seq_0_frame_30.pkl'}
array([[-9.86160196e-01,  1.64023178e-01, -2.41756960e-02,
         3.82655121e+03],
       [-1.64693981e-01, -9.85918146e-01,  2.90052220e-02,
         3.43602383e+03],
       [-1.90777287e-02,  3.25853871e-02,  9.99286862e-01,
        -6.23460000e+01],
       [ 0.00000000e+00,  0.00000000e+00,  0.00000000e+00,
         1.00000000e+00]])
{'anno_path': 'data/Waymo/test/annos/seq_0_frame_31.pkl',
 'path': 'data/Waymo/test/lidar/seq_0_frame_31.pkl',
 'pose': array([[-9.86160196e-01,  1.64023178e-01, -2.41756960e-02,
         3.82655121e+03],
       [-1.64693981e-01, -9.85918146e-01,  2.90052220e-02,
         3.43602383e+03],
       [-1.90777287e-02,  3.25853871e-02,  9.99286862e-01,
        -6.23460000e+01],
       [ 0.00000000e+00,  0.00000000e+00,  0.00000000e+00,
         1.00000000e+00]]),
 'sweeps': [],
 'timestamp': 1558407843.4974508,
 'token': 'seq_0_frame_31.pkl'}
array([[-9.86214694e-01,  1.63747214e-01, -2.38207413e-02,
         3.82640613e+03],
       [-1.64411377e-01, -9.85957658e-01,  2.92642511e-02,
         3.43599981e+03],
       [-1.86943027e-02,  3.27772353e-02,  9.99287834e-01,
        -6.23490000e+01],
       [ 0.00000000e+00,  0.00000000e+00,  0.00000000e+00,
         1.00000000e+00]])
{'anno_path': 'data/Waymo/test/annos/seq_0_frame_32.pkl',
 'path': 'data/Waymo/test/lidar/seq_0_frame_32.pkl',
 'pose': array([[-9.86214694e-01,  1.63747214e-01, -2.38207413e-02,
         3.82640613e+03],
       [-1.64411377e-01, -9.85957658e-01,  2.92642511e-02,
         3.43599981e+03],
       [-1.86943027e-02,  3.27772353e-02,  9.99287834e-01,
        -6.23490000e+01],
       [ 0.00000000e+00,  0.00000000e+00,  0.00000000e+00,
         1.00000000e+00]]),
 'sweeps': [],
 'timestamp': 1558407843.5974748,
 'token': 'seq_0_frame_32.pkl'}
array([[-9.86265445e-01,  1.63467646e-01, -2.36389857e-02,
         3.82624266e+03],
       [-1.64128386e-01, -9.86000854e-01,  2.93970855e-02,
         3.43597318e+03],
       [-1.85025877e-02,  3.28731582e-02,  9.99288252e-01,
        -6.23530000e+01],
       [ 0.00000000e+00,  0.00000000e+00,  0.00000000e+00,
         1.00000000e+00]])
{'anno_path': 'data/Waymo/test/annos/seq_0_frame_33.pkl',
 'path': 'data/Waymo/test/lidar/seq_0_frame_33.pkl',
 'pose': array([[-9.86265445e-01,  1.63467646e-01, -2.36389857e-02,
         3.82624266e+03],
       [-1.64128386e-01, -9.86000854e-01,  2.93970855e-02,
         3.43597318e+03],
       [-1.85025877e-02,  3.28731582e-02,  9.99288252e-01,
        -6.23530000e+01],
       [ 0.00000000e+00,  0.00000000e+00,  0.00000000e+00,
         1.00000000e+00]]),
 'sweeps': [],
 'timestamp': 1558407843.697496,
 'token': 'seq_0_frame_33.pkl'}
array([[-9.86279416e-01,  1.63367758e-01, -2.37463385e-02,
         3.82606090e+03],
       [-1.64033566e-01, -9.86014212e-01,  2.94781663e-02,
         3.43594431e+03],
       [-1.85984453e-02,  3.29689052e-02,  9.99283318e-01,
        -6.23560000e+01],
       [ 0.00000000e+00,  0.00000000e+00,  0.00000000e+00,
         1.00000000e+00]])
{'anno_path': 'data/Waymo/test/annos/seq_0_frame_34.pkl',
 'path': 'data/Waymo/test/lidar/seq_0_frame_34.pkl',
 'pose': array([[-9.86279416e-01,  1.63367758e-01, -2.37463385e-02,
         3.82606090e+03],
       [-1.64033566e-01, -9.86014212e-01,  2.94781663e-02,
         3.43594431e+03],
       [-1.85984453e-02,  3.29689052e-02,  9.99283318e-01,
        -6.23560000e+01],
       [ 0.00000000e+00,  0.00000000e+00,  0.00000000e+00,
         1.00000000e+00]]),
 'sweeps': [],
 'timestamp': 1558407843.7975159,
 'token': 'seq_0_frame_34.pkl'}
array([[-9.86330041e-01,  1.63083696e-01, -2.35957452e-02,
         3.82586087e+03],
       [-1.63750553e-01, -9.86051579e-01,  2.97999862e-02,
         3.43591163e+03],
       [-1.84067300e-02,  3.32564380e-02,  9.99277340e-01,
        -6.23600000e+01],
       [ 0.00000000e+00,  0.00000000e+00,  0.00000000e+00,
         1.00000000e+00]])
{'anno_path': 'data/Waymo/test/annos/seq_0_frame_35.pkl',
 'path': 'data/Waymo/test/lidar/seq_0_frame_35.pkl',
 'pose': array([[-9.86330041e-01,  1.63083696e-01, -2.35957452e-02,
         3.82586087e+03],
       [-1.63750553e-01, -9.86051579e-01,  2.97999862e-02,
         3.43591163e+03],
       [-1.84067300e-02,  3.32564380e-02,  9.99277340e-01,
        -6.23600000e+01],
       [ 0.00000000e+00,  0.00000000e+00,  0.00000000e+00,
         1.00000000e+00]]),
 'sweeps': [],
 'timestamp': 1558407843.8975449,
 'token': 'seq_0_frame_35.pkl'}
array([[-9.86330041e-01,  1.63074635e-01, -2.36582855e-02,
         3.82564268e+03],
       [-1.63750553e-01, -9.86040079e-01,  3.01781312e-02,
         3.43587637e+03],
       [-1.84067300e-02,  3.36396546e-02,  9.99264512e-01,
        -6.23640000e+01],
       [ 0.00000000e+00,  0.00000000e+00,  0.00000000e+00,
         1.00000000e+00]])
{'anno_path': 'data/Waymo/test/annos/seq_0_frame_36.pkl',
 'path': 'data/Waymo/test/lidar/seq_0_frame_36.pkl',
 'pose': array([[-9.86330041e-01,  1.63074635e-01, -2.36582855e-02,
         3.82564268e+03],
       [-1.63750553e-01, -9.86040079e-01,  3.01781312e-02,
         3.43587637e+03],
       [-1.84067300e-02,  3.36396546e-02,  9.99264512e-01,
        -6.23640000e+01],
       [ 0.00000000e+00,  0.00000000e+00,  0.00000000e+00,
         1.00000000e+00]]),
 'sweeps': [],
 'timestamp': 1558407843.997568,
 'token': 'seq_0_frame_36.pkl'}
array([[-9.86356187e-01,  1.62875840e-01, -2.39360311e-02,
         3.82540659e+03],
       [-1.63560373e-01, -9.86072942e-01,  3.01356542e-02,
         3.43583807e+03],
       [-1.86943027e-02,  3.36394751e-02,  9.99259180e-01,
        -6.23690000e+01],
       [ 0.00000000e+00,  0.00000000e+00,  0.00000000e+00,
         1.00000000e+00]])
{'anno_path': 'data/Waymo/test/annos/seq_0_frame_37.pkl',
 'path': 'data/Waymo/test/lidar/seq_0_frame_37.pkl',
 'pose': array([[-9.86356187e-01,  1.62875840e-01, -2.39360311e-02,
         3.82540659e+03],
       [-1.63560373e-01, -9.86072942e-01,  3.01356542e-02,
         3.43583807e+03],
       [-1.86943027e-02,  3.36394751e-02,  9.99259180e-01,
        -6.23690000e+01],
       [ 0.00000000e+00,  0.00000000e+00,  0.00000000e+00,
         1.00000000e+00]]),
 'sweeps': [],
 'timestamp': 1558407844.097594,
 'token': 'seq_0_frame_37.pkl'}
array([[-9.86399620e-01,  1.62569719e-01, -2.42255071e-02,
         3.82515291e+03],
       [-1.63276168e-01, -9.86100356e-01,  3.07730385e-02,
         3.43579625e+03],
       [-1.88860170e-02,  3.43099615e-02,  9.99232778e-01,
        -6.23730000e+01],
       [ 0.00000000e+00,  0.00000000e+00,  0.00000000e+00,
         1.00000000e+00]])
{'anno_path': 'data/Waymo/test/annos/seq_0_frame_38.pkl',
 'path': 'data/Waymo/test/lidar/seq_0_frame_38.pkl',
 'pose': array([[-9.86399620e-01,  1.62569719e-01, -2.42255071e-02,
         3.82515291e+03],
       [-1.63276168e-01, -9.86100356e-01,  3.07730385e-02,
         3.43579625e+03],
       [-1.88860170e-02,  3.43099615e-02,  9.99232778e-01,
        -6.23730000e+01],
       [ 0.00000000e+00,  0.00000000e+00,  0.00000000e+00,
         1.00000000e+00]]),
 'sweeps': [],
 'timestamp': 1558407844.197618,
 'token': 'seq_0_frame_38.pkl'}
array([[-9.86432676e-01,  1.62494243e-01, -2.33708693e-02,
         3.82488021e+03],
       [-1.63184507e-01, -9.86092608e-01,  3.14989675e-02,
         3.43575277e+03],
       [-1.79274406e-02,  3.48853746e-02,  9.99230513e-01,
        -6.23800000e+01],
       [ 0.00000000e+00,  0.00000000e+00,  0.00000000e+00,
         1.00000000e+00]])
{'anno_path': 'data/Waymo/test/annos/seq_0_frame_39.pkl',
 'path': 'data/Waymo/test/lidar/seq_0_frame_39.pkl',
 'pose': array([[-9.86432676e-01,  1.62494243e-01, -2.33708693e-02,
         3.82488021e+03],
       [-1.63184507e-01, -9.86092608e-01,  3.14989675e-02,
         3.43575277e+03],
       [-1.79274406e-02,  3.48853746e-02,  9.99230513e-01,
        -6.23800000e+01],
       [ 0.00000000e+00,  0.00000000e+00,  0.00000000e+00,
         1.00000000e+00]]),
 'sweeps': [],
 'timestamp': 1558407844.297639,
 'token': 'seq_0_frame_39.pkl'}
array([[-9.86492871e-01,  1.62226011e-01, -2.26834070e-02,
         3.82458992e+03],
       [-1.62902826e-01, -9.86119693e-01,  3.21032762e-02,
         3.43570561e+03],
       [-1.71605679e-02,  3.53648443e-02,  9.99227123e-01,
        -6.23860000e+01],
       [ 0.00000000e+00,  0.00000000e+00,  0.00000000e+00,
         1.00000000e+00]])
{'anno_path': 'data/Waymo/test/annos/seq_0_frame_40.pkl',
 'path': 'data/Waymo/test/lidar/seq_0_frame_40.pkl',
 'pose': array([[-9.86492871e-01,  1.62226011e-01, -2.26834070e-02,
         3.82458992e+03],
       [-1.62902826e-01, -9.86119693e-01,  3.21032762e-02,
         3.43570561e+03],
       [-1.71605679e-02,  3.53648443e-02,  9.99227123e-01,
        -6.23860000e+01],
       [ 0.00000000e+00,  0.00000000e+00,  0.00000000e+00,
         1.00000000e+00]]),
 'sweeps': [],
 'timestamp': 1558407844.3976588,
 'token': 'seq_0_frame_40.pkl'}
array([[-9.86520815e-01,  1.62034672e-01, -2.28352289e-02,
         3.82428312e+03],
       [-1.62713185e-01, -9.86158008e-01,  3.18873499e-02,
         3.43565596e+03],
       [-1.73522875e-02,  3.51731273e-02,  9.99230579e-01,
        -6.23910000e+01],
       [ 0.00000000e+00,  0.00000000e+00,  0.00000000e+00,
         1.00000000e+00]])
{'anno_path': 'data/Waymo/test/annos/seq_0_frame_41.pkl',
 'path': 'data/Waymo/test/lidar/seq_0_frame_41.pkl',
 'pose': array([[-9.86520815e-01,  1.62034672e-01, -2.28352289e-02,
         3.82428312e+03],
       [-1.62713185e-01, -9.86158008e-01,  3.18873499e-02,
         3.43565596e+03],
       [-1.73522875e-02,  3.51731273e-02,  9.99230579e-01,
        -6.23910000e+01],
       [ 0.00000000e+00,  0.00000000e+00,  0.00000000e+00,
         1.00000000e+00]]),
 'sweeps': [],
 'timestamp': 1558407844.497643,
 'token': 'seq_0_frame_41.pkl'}
array([[-9.86593711e-01,  1.61563139e-01, -2.30260893e-02,
         3.82395901e+03],
       [-1.62239588e-01, -9.86252342e-01,  3.13788819e-02,
         3.43560286e+03],
       [-1.76398638e-02,  3.46939508e-02,  9.99242295e-01,
        -6.23970000e+01],
       [ 0.00000000e+00,  0.00000000e+00,  0.00000000e+00,
         1.00000000e+00]])
{'anno_path': 'data/Waymo/test/annos/seq_0_frame_42.pkl',
 'path': 'data/Waymo/test/lidar/seq_0_frame_42.pkl',
 'pose': array([[-9.86593711e-01,  1.61563139e-01, -2.30260893e-02,
         3.82395901e+03],
       [-1.62239588e-01, -9.86252342e-01,  3.13788819e-02,
         3.43560286e+03],
       [-1.76398638e-02,  3.46939508e-02,  9.99242295e-01,
        -6.23970000e+01],
       [ 0.00000000e+00,  0.00000000e+00,  0.00000000e+00,
         1.00000000e+00]]),
 'sweeps': [],
 'timestamp': 1558407844.597625,
 'token': 'seq_0_frame_42.pkl'}
array([[-9.86624831e-01,  1.61380462e-01, -2.29736508e-02,
         3.82361714e+03],
       [-1.62050231e-01, -9.86292318e-01,  3.10996224e-02,
         3.43554767e+03],
       [-1.76398638e-02,  3.44065451e-02,  9.99252233e-01,
        -6.24030000e+01],
       [ 0.00000000e+00,  0.00000000e+00,  0.00000000e+00,
         1.00000000e+00]])
{'anno_path': 'data/Waymo/test/annos/seq_0_frame_43.pkl',
 'path': 'data/Waymo/test/lidar/seq_0_frame_43.pkl',
 'pose': array([[-9.86624831e-01,  1.61380462e-01, -2.29736508e-02,
         3.82361714e+03],
       [-1.62050231e-01, -9.86292318e-01,  3.10996224e-02,
         3.43554767e+03],
       [-1.76398638e-02,  3.44065451e-02,  9.99252233e-01,
        -6.24030000e+01],
       [ 0.00000000e+00,  0.00000000e+00,  0.00000000e+00,
         1.00000000e+00]]),
 'sweeps': [],
 'timestamp': 1558407844.697651,
 'token': 'seq_0_frame_43.pkl'}
array([[-9.86643678e-01,  1.61270525e-01, -2.29362236e-02,
         3.82325830e+03],
       [-1.61956213e-01, -9.86276410e-01,  3.20784545e-02,
         3.43549008e+03],
       [-1.74481471e-02,  3.53646682e-02,  9.99222149e-01,
        -6.24100000e+01],
       [ 0.00000000e+00,  0.00000000e+00,  0.00000000e+00,
         1.00000000e+00]])
{'anno_path': 'data/Waymo/test/annos/seq_0_frame_44.pkl',
